parents down ////////////////////////
   0.3924
   0.2662
   0.2973
   0.8401
   0.0237

   0.9188
   0.2759
   0.2729
   0.5879
   0.6912

0.707999
kids down ////////////////////////
   0.8803
   0.2752
   0.2711
   0.5694
   0.6423

population down ////////////////////////
   0.0013
   0.5636
   0.1933
   0.8087
   0.5850

   0.4799
   0.3503
   0.8960
   0.8228
   0.7466

   0.1741
   0.8589
   0.7105
   0.5135
   0.3040

   0.0150
   0.0914
   0.3645
   0.1473
   0.1659

   0.9885
   0.4457
   0.1191
   0.0047
   0.0089

   0.3779
   0.5317
   0.5712
   0.6018
   0.6072

   0.1662
   0.6630
   0.4508
   0.3521
   0.0570

   0.6077
   0.7833
   0.8026
   0.5199
   0.3020

   0.8760
   0.7267
   0.9559
   0.9257
   0.5394

   0.1423
   0.4621
   0.2353
   0.8622
   0.2096

   0.7797
   0.8437
   0.9968
   0.9997
   0.6115

   0.3924
   0.2662
   0.2973
   0.8401
   0.0237

   0.3759
   0.0926
   0.6772
   0.0562
   0.0088

   0.9188
   0.2759
   0.2729
   0.5879
   0.6912

   0.8376
   0.7265
   0.4849
   0.2054
   0.7437

   0.4685
   0.4580
   0.9492
   0.7444
   0.1083

   0.5990
   0.3852
   0.7350
   0.6090
   0.5724

   0.3613
   0.1516
   0.2251
   0.4252
   0.8029

   0.5171
   0.9900
   0.7515
   0.3456
   0.1690

   0.6573
   0.4919
   0.0635
   0.6998
   0.5048

   0.1475
   0.9496
   0.1416
   0.9051
   0.6929

   0.3030
   0.4266
   0.0704
   0.9666
   0.6832

   0.1532
   0.8773
   0.8217
   0.5820
   0.1914

   0.1779
   0.8172
   0.4753
   0.1556
   0.5039

   0.7320
   0.4056
   0.2796
   0.5687
   0.6822

   0.7559
   0.7219
   0.4753
   0.1230
   0.3678

   0.8347
   0.0351
   0.5170
   0.6630
   0.4262

   0.1047
   0.9493
   0.9214
   0.5495
   0.3460

   0.4717
   0.3750
   0.8470
   0.3169
   0.4561

   0.2719
   0.9830
   0.2978
   0.7392
   0.5673

   0.1960
   0.7613
   0.8394
   0.3977
   0.5009

   0.8902
   0.0275
   0.9946
   0.5726
   0.0505

   0.5313
   0.1941
   0.8430
   0.6268
   0.6576

   0.1979
   0.8422
   0.1233
   0.1099
   0.7431

   0.3141
   0.9411
   0.2861
   0.3363
   0.1403

fELP for each individual ////////////////////////
5.07478
8.37929
4.53726
0.639825
1.41749
4.97861
2.02875
5.06597
9.44701
3.80693
10.8794
3.38706
1.54728
4.99104
5.39708
5.61698
5.39798
4.27463
4.54246
4.16089
7.56276
6.54168
5.12631
3.41136
4.72049
3.02831
4.16758
6.16684
4.09764
6.06706
5.19863
5.08594
6.22338
4.31275
2.66618
1000000
